250.46860473383532
-1.291992553106089
-8.889450749076294
3.8852008098139406
-4.634148012939495
-3.9866419046220094
-6.236394621397267
-3.1496107599589047
-4.054589320377835
-4.520602859937983
-4.839346139080434
-1.3314819507019109
2.971252681868177
1.8097307227004333
4.392789389602247
7.638697822627373
4.644614988149043
-4.185495682998537
-1.0471748437204011
5.940928280858166
3.7056406622890723
2.7574992706295682
0.634897622515355
1.6190920619917106
2.0029722017401843
2.600976545628574
5.485541405323944
-2.5484907774621606
-0.178228627820732
-2.982297655053502
-3.305497095469784
-10.833013541764085
3.8064910059652064
4.439208593290749
1.7774092211962953
-2.6453268735336755
7.056984507928257
1.8538745838399096
4.339393234733157
-0.07686685008490018
1.3737784957275223
4.8843822890397535
7.205850760217791
1.1726050178993197
-4.980177509726251
-3.8441326713444135
1.1744071891095405
3.9930604020855576
-0.6864271497959178
0.5107695721477197
-1.0208502106144175
5.809993194090262
6.778402042618857
5.015833985669777
-2.990816329282838
-1.5842495339713767
-5.164769011913125
-3.475882842463886
0.5922196635231333
-4.755928851195221
2.112279849923771
2.349030682185549
-2.617952688330262
-3.2061564715571347
2.6275481297996133
6.487401616516492
3.179414986022533
2.846870062551515
-2.839548610017257
0.22841205653395308
-13.812772094348752
3.84266021882362
3.91207247247459
-0.07971545126432467
0.5052701653354084
-4.759617251327525
-3.3758942074964433
-3.655535091108691
7.540160574224649
-1.9340446488717384
2.75657627791538
-2.5816847900769884
3.0838355081807403
0.755194482475355
-9.073988904832502
6.892154190848079
-1.915986270232759
-12.252206900204031
1.0611877107305991
2.781250766156003
5.507779399106625
1.7224774458276428
-3.893804173711377
0.8563915696483329
4.631322231626733
1.319875825037731
-4.917981592019905
-4.120002197551968
-3.704838303888034
-5.48248324956143
12.872331596569751
-4.418931272553144
0.2915256494029885
-0.4324792350570136
-0.4944376403434869
-0.5863623829397255
0.11382283680087396
-1.765542744603143
5.424035646088999
-5.640040899183726
5.893794456402446
-6.871776891999907
-1.8826242955422108
-4.06247023974525
1.1819374622844605
3.166656262443545
1.2321600039606726
-1.4448081944449649
5.772788723059601
1.4670615410372592
5.692107597982394
7.847887761551005
-3.16845409892877
-0.734032279916695
-0.8730217924423967
0.10990571403821721
-4.08349335100016
-1.2508723181276034
-4.330687225315813
-7.49662049775684
-6.314207503898092
-4.461852345596959
-3.2258786954050556
-3.493402636867546
-4.776077878826393
-2.692172130448802
7.139297450842542
1.448526042735152
-9.410528221990797
8.980143693471906
2.850715283571998
1.0759471702875962
0.9092142964188086
-3.6329817424890476
-4.2603873965761965
-5.020476621473498
-2.970323245946566
6.604352565226864
-1.3287729351823603
0.1309603786234921
-5.824310702358463
-6.502461943766953
1.5437005504897754
-1.7460446310393356
6.0524423937626795
-1.5987419215350678
2.6343851030022916
-4.732993596735225
-3.2088866174218973
-3.3545397074686862
-4.752833669289894
-0.28383990774298634
-5.453540414006789
0.9557801051256729
-4.881910101149821
2.926976891186827
-2.1904138152913686
1.9168343541063062
4.8315845420231796
-3.861211679903708
-2.3955420069480104
1.971759511850141
2.240647747194927
-9.143851083205284
-3.6038643988906913
-1.9232871568528702
2.880220935858394
0.4976365962874695
-3.1128565357009346
-6.922016772579385
-0.3514570725347785
2.7836382216496522
7.7204332289027375
1.241498942502738
8.206827706562418
-2.9215170203017324
12.272774945415904
1.4552049864692247
-4.578398363943516
0.05353746846632035
5.573663413660983
-4.580189963942616
5.3996321498857895
2.035512319536451
-5.589992067695508
9.184195841276495
-0.3241871715021386
-10.482256831568451
-8.676157414615266
-4.703608837264053
-1.286157280646177
-0.5432540538728832
-1.239994301499636
3.0260045544101177
-2.5598902090167743
0.8100748201108388
3.42393161102286
0.4283288098287125
-2.6205695699276084
4.87148473667501
-4.882952017641532
2.3926117443843196
-8.222769504114009
-6.095083430572199
-5.54163595448481
3.416484408243689
1.8378682946124856
-3.4681802417683674
-3.050009314360447
2.1726306393842187
-4.286403017951907
-10.099105489021955
0.10615042072481184
6.737566748066146
9.09701475483444
0.13506499269928152
8.742977184546763
3.68848823864027
1.493468528982413
-7.958035859440821
4.326671219666038
-5.525859172414599
-4.4920407143253795
6.025103363623664
10.334527617542413
-1.11965154794123
-0.06793124171465292
-3.0172761972227855
6.934158173981193
-3.013069557458037
-5.5804370089981505
0.44333387805000957
-1.96454670243656
-3.132339509168175
5.297506808317406
4.079913206131726
-4.272984542294971
2.892831274921496
2.0584767642367896
5.5788568195649235
4.492899327981208
5.98619257331366
-1.8820871810949054
-0.6006304567597816
4.238075029247783
-5.049115881586545
1.564237049866083
-5.049115881585844
4.238075029248633
-0.6006304567590726
-1.882087181095438
5.986192573314154
4.492899327981504
5.578856819564185
2.058476764235881
2.892831274922178
-4.272984542294849
4.079913206132024
5.297506808317014
-3.1323395091686814
-1.9645467024362868
0.4433338780495191
-5.580437008998731
-3.0130695574576243
6.934158173981615
-3.017276197222586
-0.06793124171487458
-1.119651547940626
10.334527617542737
6.025103363623177
-4.492040714325829
-5.525859172414144
4.32667121966645
-7.958035859441353
1.493468528983227
3.688488238640282
8.74297718454663
0.13506499269911582
9.097014754834051
6.737566748066114
0.10615042072382974
-10.099105489022465
-4.286403017952465
2.1726306393839456
-3.0500093143608122
-3.4681802417679934
1.8378682946129445
3.416484408242931
-5.5416359544851
-6.095083430572457
-8.22276950411294
2.39261174438472
-4.882952017641686
4.871484736673458
-2.620569569927016
0.4283288098291789
3.4239316110225886
0.8100748201107187
-2.5598902090178015
3.0260045544095364
-1.239994301500914
-0.5432540538725339
-1.2861572806467478
-4.703608837264032
-8.676157414615673
-10.482256831568145
-0.3241871715014435
9.184195841276816
-5.589992067695586
2.0355123195366294
5.399632149885857
-4.580189963942351
5.573663413661632
0.05353746846630844
-4.57839836394377
1.4552049864694057
12.27277494541547
-2.9215170203019225
8.20682770656047
1.2414989425026617
7.720433228901699
2.783638221648841
-0.35145707253430836
-6.92201677257764
-3.11285653570071
0.4976365962866195
2.880220935857416
-1.9232871568539833
-3.6038643988909187
-9.143851083205723
2.2406477471959327
1.9717595118500084
-2.395542006949054
-3.861211679903175
4.831584542023615
1.9168343541063346
-2.190413815290777
2.9269768911869694
-4.881910101150918
0.9557801051258037
-5.4535404140075965
-0.2838399077433459
-4.752833669290218
-3.354539707468622
-3.208886617421313
-4.7329935967348575
2.6343851030019527
-1.5987419215369425
6.052442393762632
-1.7460446310406117
1.5437005504886954
-6.50246194376777
-5.824310702358101
0.1309603786235534
-1.328772935181645
6.604352565226529
-2.9703232459466373
-5.020476621473235
-4.2603873965746955
-3.632981742489376
0.9092142964187977
1.0759471702880024
2.8507152835717577
8.980143693471133
-9.41052822199105
1.4485260427358433
7.139297450843069
-2.6921721304491384
-4.7760778788264915
-3.4934026368677413
-3.2258786954054584
-4.461852345596092
-6.314207503897913
-7.496620497756304
-4.3306872253147075
-1.2508723181271557
-4.083493350999789
0.10990571403807925
-0.8730217924425392
-0.734032279917175
-3.168454098927176
7.8478877615515295
5.692107597983283
1.4670615410361971
5.772788723059894
-1.444808194444273
1.2321600039606564
3.1666562624435284
1.1819374622841328
-4.062470239746739
-1.8826242955415404
-6.87177689199947
5.893794456401506
-5.640040899183387
5.424035646091235
-1.765542744602821
0.11382283680150877
-0.5863623829396423
-0.4944376403440349
-0.43247923505706304
0.2915256494029722
-4.41893127254997
12.872331596568342
-5.48248324956071
-3.7048383038887347
-4.1200021975523455
-4.9179815920198635
1.3198758250387161
4.631322231627657
0.8563915696475304
-3.8938041737113505
1.722477445827725
5.5077793991058694
2.781250766155631
1.0611877107303562
-12.252206900205572
-1.915986270232167
6.892154190847581
-9.07398890483273
0.7551944824745538
3.0838355081806497
-2.581684790076415
2.7565762779152267
-1.9340446488705034
7.54016057422307
-3.6555350911083235
-3.375894207496304
-4.759617251327353
0.5052701653345223
-0.07971545126367019
3.912072472474534
3.8426602188237897
-13.812772094349304
0.2284120565351802
-2.83954861001752
2.8468700625527097
3.1794149860215826
6.487401616515281
2.627548129799875
-3.206156471557129
-2.617952688329415
2.349030682184535
2.1122798499230573
-4.755928851194279
0.5922196635235396
-3.4758828424651598
-5.1647690119141245
-1.584249533971404
-2.9908163292820444
5.0158339856704774
6.778402042618882
5.809993194091752
-1.0208502106132569
0.5107695721475083
-0.6864271497957379
3.9930604020870253
1.1744071891108172
-3.8441326713428055
-4.980177509726051
1.172605017898132
7.205850760218999
4.8843822890400155
1.3737784957271364
-0.07686685008491329
4.339393234733666
1.8538745838393522
7.056984507928677
-2.64532687353379
1.7774092211963592
4.4392085932902585
3.806491005962967
-10.833013541763803
-3.305497095469621
-2.98229765505339
-0.17822862781933352
-2.548490777463486
5.485541405324554
2.6009765456281193
2.0029722017415534
1.619092061991382
0.6348976225151943
2.7574992706301855
3.7056406622892872
5.940928280857832
-1.0471748437211417
-4.18549568299935
4.644614988150274
7.638697822626701
4.392789389601377
1.8097307227059085
2.9712526818684366
-1.3314819507010922
-4.839346139080467
-4.520602859938741
-4.054589320378378
-3.1496107599586765
-6.2363946213981984
-3.9866419046198582
-4.63414801293959
3.885200809818503
-8.889450749074276
-1.291992553088622
