0
0.009999833
0.019998666
0.0299955
0.039989334
0.049979165
0.059964005
0.06994285
0.07991469
0.089878544
0.099833414
0.1097783
0.119712204
0.12963414
0.13954312
0.14943813
0.15931821
0.16918235
0.17902957
0.1888589
0.19866931
0.2084599
0.21822962
0.22797751
0.23770262
0.24740396
0.25708055
0.2667314
0.27635565
0.2859522
0.2955202
0.30505863
0.31456655
0.324043
0.3334871
0.3428978
0.3522742
0.36161545
0.37092048
0.3801884
0.38941833
0.3986093
0.40776044
0.41687077
0.42593947
0.43496552
0.4439481
0.45288628
0.46177918
0.47062588
0.47942555
0.48817724
0.4968801
0.50553334
0.51413596
0.52268726
0.5311862
0.539632
0.54802394
0.556361
0.5646424
0.57286745
0.58103514
0.58914477
0.59719545
0.6051864
0.6131168
0.6209859
0.62879306
0.6365372
0.64421767
0.6518338
0.65938467
0.6668696
0.6742879
0.6816388
0.68892145
0.6961352
0.7032794
0.71035326
0.7173561
0.72428715
0.7311458
0.7379314
0.7446431
0.75128037
0.75784254
0.76432896
0.7707389
0.7770717
0.7833269
0.7895037
0.7956016
0.80161995
0.8075581
0.8134155
0.8191916
0.82488567
0.8304973
0.83602595
0.84147096
0.84683186
0.852108
0.857299
0.8624042
0.8674232
0.87235546
0.8772005
0.88195777
0.88662696
0.8912074
0.89569867
0.90010047
0.9044122
0.9086335
0.91276395
0.9168031
0.92075056
0.92460597
0.9283689
0.9320391
0.93561596
0.9390994
0.9424888
0.94578403
0.9489846
0.9520903
0.95510083
0.95801586
0.96083504
0.9635582
0.9661849
0.9687151
0.9711484
0.9734845
0.9757234
0.9778646
0.97990805
0.98185354
0.9837008
0.98544973
0.9871001
0.98865175
0.99010456
0.99145836
0.992713
0.99386835
0.99492437
0.99588084
0.9967378
0.997495
0.9981525
0.99871016
0.9991679
0.99952585
0.99978375
0.9999417
0.9999997
0.9999576
0.99981564
0.9995736
0.99923164
0.9987897
0.998248
0.9976064
0.99686503
0.996024
0.99508333
0.99404323
0.99290365
0.9916648
0.9903268
0.98888975
0.98735386
0.9857192
0.98398596
0.9821543
0.9802245
0.9781966
0.97607094
0.9738476
0.971527
0.9691091
0.9665944
0.963983
0.9612752
0.9584713
0.95557153
0.9525762
0.9494856
0.9463001
0.9430199
0.93964547
0.9361771
0.93261504
0.9289597
0.92521155
0.92137086
0.917438
0.91341335
0.9092974
0.9050906
0.9007932
0.89640576
0.8919287
0.88736236
0.88270736
0.8779641
0.873133
0.8682146
0.8632094
0.8581179
0.85294056
0.8476779
0.8423305
0.83689886
0.8313835
0.8257851
0.8201039
0.81434083
0.80849636
0.80257106
0.7965655
0.7904802
0.78431594
0.7780732
0.77175266
0.765355
0.75888073
0.7523306
0.74570525
0.7390053
0.7322315
0.7253844
0.71846485
0.7114734
0.70441085
0.69727784
0.6900751
0.68280333
0.67546326
0.6680557
0.66058135
0.6530409
0.645435
0.6377647
0.6300306
0.6222335
0.6143742
0.60645354
0.5984721
0.5904309
0.58233064
0.5741722
0.56595623
0.55768377
0.5493555
0.5409723
0.53253496
0.5240444
0.51550144
0.5069069
0.49826175
0.4895667
0.48082274
0.47203067
0.4631914
0.45430583
0.4453748
0.43639904
0.42737985
0.4183179
0.40921414
0.40006945
0.39088476
0.381661
0.37239906
0.36309987
0.35376438
0.3443935
0.3349882
0.3255494
0.31607804
0.30657506
0.29704145
0.28747812
0.27788603
0.26826617
0.25861946
0.24894692
0.23924947
0.2295281
0.21978377
0.21001747
0.20023017
0.1904226
0.18059623
0.1707518
0.1608903
0.1510127
0.14112
0.1312132
0.12129328
0.11136122
0.101418026
0.09146469
0.08150221
0.07153158
0.061553795
0.051569853
0.04158076
0.031587504
0.02159109
0.011592518
0.0015927864
-0.008407105
-0.018406155
-0.028403364
-0.038397733
-0.04838826
-0.058373954
-0.06835405
-0.07832706
-0.08829225
-0.0982486
-0.10819513
-0.11813085
-0.12805475
-0.13796584
-0.14786313
-0.15774564
-0.16761239
-0.17746235
-0.18729459
-0.19710809
-0.20690188
-0.21667498
-0.22642641
-0.2361552
-0.24586038
-0.25554097
-0.265196
-0.27482453
-0.28442556
-0.29399815
-0.30354133
-0.31305438
-0.32253593
-0.3319852
-0.34140128
-0.35078323
-0.3601301
-0.36944094
-0.37871486
-0.3879509
-0.39714813
-0.40630564
-0.41542256
-0.4244979
-0.4335308
-0.44252035
-0.45146567
-0.4603658
-0.46921992
-0.47802714
-0.4867865
-0.49549723
-0.5041584
-0.51276916
-0.5213286
-0.529836
-0.5382903
-0.54669106
-0.5550369
-0.5633273
-0.57156134
-0.5797382
-0.58785707
-0.5959172
-0.6039177
-0.61185783
-0.6197368
-0.62755376
-0.63530797
-0.6429987
-0.65062505
-0.6581864
-0.6656819
-0.67311084
-0.6804725
-0.6877661
-0.6949909
-0.7021462
-0.70923126
-0.7162455
-0.723188
-0.73005825
-0.7368556
-0.74357915
-0.75022835
-0.7568025
-0.76330084
-0.7697231
-0.77606815
-0.7823359
-0.7885251
-0.7946357
-0.8006666
-0.8066177
-0.81248784
-0.81827706
-0.82398444
-0.8296091
-0.83515114
-0.8406093
-0.84598374
-0.8512733
-0.85647804
-0.8615968
-0.8666297
-0.87157565
-0.87643474
-0.8812059
-0.88588923
-0.8904837
-0.8949894
-0.8994053
-0.9037315
-0.90796715
-0.9121122
-0.9161658
-0.92012805
-0.92399806
-0.92777586
-0.9314607
-0.9350525
-0.9385509
-0.94195527
-0.94526553
-0.9484812
-0.9516021
-0.95462775
-0.95755804
-0.9603924
-0.96313095
-0.965773
-0.96831864
-0.97076726
-0.97311896
-0.97537327
-0.9775301
-0.9795891
-0.9815503
-0.98341316
-0.98517776
-0.9868438
-0.98841125
-0.9898798
-0.9912494
-0.9925198
-0.99369097
-0.99476284
-0.99573517
-0.99660796
-0.99738103
-0.99805444
-0.998628
-0.9991017
-0.99947554
-0.99974936
-0.9999232
-0.99999714
-0.99997103
-0.9998449
-0.9996188
-0.9992928
-0.9988668
-0.99834096
-0.99771523
-0.9969898
-0.9961646
-0.99523985
-0.99421555
-0.9930918
-0.9918688
-0.9905465
-0.9891253
-0.9876051
-0.9859861
-0.9842686
-0.9824526
-0.9805384
-0.9785261
-0.97641605
-0.97420824
-0.9719031
-0.96950066
-0.96700144
-0.96440536
-0.96171296
-0.9589243
-0.95603985
-0.9530596
-0.9499843
-0.94681376
-0.94354874
-0.94018924
-0.9367358
-0.9331886
-0.9295482
-0.92581475
-0.9219888
-0.9180705
-0.9140604
-0.9099591
-0.9057666
-0.9014837
-0.89711046
-0.89264774
-0.88809556
-0.88345474
-0.87872535
-0.87390834
-0.8690037
-0.8640124
-0.8589345
-0.8537709
-0.8485217
-0.84318787
-0.8377695
-0.8322676
-0.8266822
-0.8210144
-0.8152643
-0.80943286
-0.8035202
-0.7975275
-0.7914548
-0.7853029
-0.77907276
-0.77276444
-0.7663791
-0.7599169
-0.7533789
-0.7467654
-0.74007744
-0.73331517
-0.7264799
-0.71957165
-0.71259177
-0.7055403
-0.6984186
-0.6912268
-0.68396616
-0.67663676
-0.66924006
-0.6617761
-0.65424633
-0.64665073
-0.6389909
-0.6312667
-0.62347984
-0.6156302
-0.60771936
-0.5997474
-0.5917155
-0.5836248
-0.57547534
-0.56726867
-0.55900496
-0.5506857
-0.542311
-0.53388244
-0.5254001
-0.5168656
-0.5082791
-0.4996421
-0.49095473
-0.4822187
-0.47343403
-0.46460244
-0.45572394
-0.44680032
-0.43783158
-0.4288195
-0.4197641
-0.41066715
-0.40152872
-0.39235055
-0.38313273
-0.37387657
-0.3645835
-0.3552535
-0.3458884
-0.3364883
-0.327055
-0.31758854
-0.30809075
-0.29856172
-0.28900328
-0.2794155
-0.26980022
-0.26015753
-0.25048923
-0.24079546
-0.23107807
-0.2213371
-0.21157447
-0.2017902
-0.19198623
-0.1821626
-0.17232122
-0.16246213
-0.15258726
-0.14269668
-0.13279182
-0.12287415
-0.11294372
-0.103002466
-0.09305045
-0.08308959
-0.07311995
-0.063143484
-0.053160217
-0.043172114
-0.033179216
-0.023183478
-0.013184944
-0.0031855688
0.006814602
0.016813615
0.026811423
0.036806073
0.046797518
0.05678381
0.0667649
0.076738834
0.08670557
0.09666316
0.106611565
0.11654883
0.12647492
0.13638835
0.14628766
0.15617284
0.16604193
0.17589487
0.18572976
0.19554654
0.20534329
0.21511999
0.2248747
0.2346074
0.24431616
0.25400096
0.2636599
0.27329293
0.2828982
0.2924756
0.30202332
0.31154126
0.32102764
0.33048233
0.33990353
0.3492912
0.3586435
0.36796036
0.37724045
0.38648236
0.39568606
0.40484974
0.4139734
0.4230552
0.43209514
0.44109145
0.45004407
0.45895126
0.467813
0.4766275
0.48539478
0.4941131
0.5027824
0.51140106
0.519969
0.52848446
0.53694755
0.54535645
0.5537113
0.56201035
0.5702536
0.5784395
0.5865678
0.5946376
0.6026474
0.61059743
0.618486
0.6263131
0.63407713
0.6417782
0.64941466
0.6569866
0.6644925
0.6719322
0.6793045
0.6866091
0.69384474
0.70101136
0.7081075
0.7151332
0.722087
0.728969
0.73577774
0.7425132
0.7491741
0.75576043
0.76227087
0.76870537
0.775063
0.7813428
0.7875448
0.79366773
0.79971164
0.8056752
0.81155854
0.81736046
0.8230809
0.8287187
0.834274
0.8397455
0.84513336
0.85043645
0.8556548
0.8607872
0.8658339
0.8707937
0.8756667
0.88045186
0.8851492
0.8897578
0.8942777
0.8987079
0.9030485
0.90729856
0.9114581
0.91552645
0.9195031
0.923388
0.92718035
0.9308801
0.9344867
0.93799996
0.9414193
0.94474465
0.94797534
0.9511114
0.95415217
0.9570977
0.9599474
0.9627012
0.9653586
0.96791965
0.97038376
0.9727509
0.9750207
0.9771931
0.9792677
0.98124444
0.983123
0.9849033
0.98658514
0.9881682
0.9896526
0.99103785
0.9923241
0.9935111
0.9945988
0.99558693
0.99647564
0.99726456
0.9979539
0.9985433
0.999033
0.99942267
0.99971247
0.99990225
0.9999921
0.9999819
0.99987173
0.99966156
0.99935144
0.99894136
0.9984314
0.9978216
0.99711204
0.9963027
0.9953938
0.9943853
0.99327743
0.9920702
0.9907638
0.98935825
0.98785377
0.98625064
0.98454875
0.98274845
0.9808498
0.9788533
0.97675866
0.9745664
0.9722767
0.96988994
0.967406
0.96482533
0.96214813
0.959375
0.95650566
0.9535407
0.95048034
0.9473253
0.94407517
0.94073063
0.93729204
0.9337597
0.9301343
0.92641556
0.9226042
0.9187006
0.91470546
0.9106185
0.90644044
0.90217173
0.89781326
0.8933646
0.88882655
0.8841996
0.8794848
0.8746815
0.86979073
0.864813
0.8597493
0.8545991
0.84936345
0.8440429
0.8386384
0.83314955
0.82757735
0.8219224
0.8161853
0.8103671
0.8044673
0.7984871
0.792427
0.7862883
0.78007036
0.7737744
0.76740104
0.7609516
0.7544254
0.7478238
0.74114734
0.7343975
0.7275735
0.7206768
0.71370804
0.7066685
0.6995577
0.6923769
0.6851269
0.67780906
0.67042273
0.66296935
0.6554497
0.6478645
0.6402152
0.63250124
0.624724
0.61688423
0.6089835
0.60102123
0.59299874
0.584917
0.5767776
0.5685797
0.5603249
0.5520141
0.5436489
0.53522855
0.5267547
0.5182281
0.5096505
0.5010212
0.49234173
0.48361304
0.47483683
0.4660123
0.45714116
0.4482243
0.4392626
0.43025786
0.42120925
0.4121185
0.40298653
0.39381513
0.38460347
0.37535337
0.36606574
0.35674238
0.34738246
0.33798778
0.3285593
0.31909892
0.3096057
0.3000815
0.29052728
0.28094494
0.2713336
0.26169512
0.25203046
0.24234153
0.23262745
0.2228901
0.21313046
0.2033495
0.19354916
0.1837285
0.17388949
0.16403309
0.15416121
0.14427298
0.13437033
0.12445424
0.114526644
0.10458665
0.0946362
0.08467629
0.074708864
0.064733006
0.054750685
0.044762883
0.03477156
0.024775807
0.014777576
0.0047778664
-0.005221367
-0.015221031
-0.025219174
-0.035214797
-0.045205943
-0.05519352
-0.06517558
-0.07515112
-0.08511914
-0.09507771
-0.10502772
-0.11496722
-0.12489523
-0.13480979
-0.14471184
-0.1545994
-0.1644715
-0.17432621
-0.18416445
-0.19398426
-0.20378466
-0.21356376
-0.22332242
-0.23305877
-0.2427718
-0.25245965
-0.26212314
-0.27176043
-0.28137055
-0.29095164
-0.30050454
-0.31002736
-0.3195192
-0.32897907
-0.33840516
-0.3477983
-0.35715666
-0.3664793
-0.37576443
-0.38501284
-0.39422277
-0.40339324
-0.41252252
-0.42161143
-0.4306582
-0.43966186
-0.4486207
-0.45753556
-0.46640465
-0.4752271
-0.4840012
-0.4927277
-0.50140494
-0.51003206
-0.5186074
-0.5271316
-0.53560317
-0.5440211
-0.5523847
-0.5606922
-0.56894445
-0.57713985
-0.5852775
-0.59335583
-0.60137564
-0.60933524
-0.617234
-0.6250702
-0.6328447
-0.64055586
-0.648203
-0.6557846
-0.66330135
-0.67075175
-0.6781351
-0.6854499
-0.69269687
-0.6998746
-0.70698225
-0.7140186
-0.7209842
-0.72787774
-0.7346984
-0.74144566
-0.74811816
-0.75471646
-0.76123923
-0.76768595
-0.77405524
-0.78034776
-0.78656226
-0.7926981
-0.79875404
-0.8047307
-0.8106269
-0.816442
-0.82217497
-0.82782626
-0.83339477
-0.8388799
-0.84428066
-0.84959745
-0.8548293
-0.8599757
-0.8650356
-0.8700095
-0.87489635
-0.8796958
-0.88440716
-0.8890297
-0.89356375
-0.89800847
-0.9023634
-0.90662766
-0.91080165
-0.91488457
-0.91887605
-0.9227752
-0.92658246
-0.9302971
-0.93391865
-0.93744653
-0.94088095
-0.9442213
-0.9474672
-0.9506181
-0.9536742
-0.95663494
-0.9595
-0.9622689
-0.9649418
-0.9675182
-0.9699979
-0.9723805
-0.9746657
-0.97685367
-0.9789439
-0.9809363
-0.98283035
-0.98462635
-0.98632383
-0.9879227
-0.9894227
-0.9908238
-0.99212587
-0.99332875
-0.99443215
-0.9954362
-0.99634075
-0.99714565
-0.9978507
-0.9984561
-0.9989617
-0.9993673
-0.99967295
-0.9998787
-0.99998444
-0.9999902
-0.99989593
-0.99970174
-0.99940753
-0.99901336
-0.9985193
-0.9979254
-0.9972317
-0.99643826
-0.9955452
-0.9945527
-0.99346054
-0.9922691
-0.9909784
-0.9895888
-0.9881001
-0.98651254
-0.9848263
-0.9830418
-0.98115885
-0.9791778
-0.97709876
-0.97492224
-0.972648
-0.97027653
-0.967808
-0.9652429
-0.9625811
-0.959823
-0.95696896
-0.9540192
-0.9509743
-0.947834
-0.944599
-0.94126946
-0.9378461
-0.93432873
-0.9307179
-0.92701393
-0.92321765
-0.9193287
-0.91534775
-0.9112753
-0.9071122
-0.9028579
-0.8985133
-0.8940789
-0.8895555
-0.88494277
-0.88024145
-0.87545216
-0.8705758
-0.8656119
-0.86056143
-0.8554249
-0.8502028
-0.84489626
-0.83950466
-0.83402914
-0.8284702
-0.82282895
-0.8171049
-0.8112991
-0.8054122
-0.7994453
-0.79339784
-0.78727114
-0.78106564
-0.77478266
-0.7684216
-0.7619837
-0.7554696
-0.74888057
-0.74221605
-0.73547727
-0.728665
-0.7217805
-0.7148231
-0.70779425
-0.7006946
-0.69352496
-0.68628657
-0.6789789
-0.6716033
-0.6641606
-0.65665215
-0.64907736
-0.64143765
-0.63373375
-0.62596726
-0.6181374
-0.61024576
-0.6022931
-0.5942809
-0.5862086
-0.5780776
-0.56988883
-0.56164384
-0.5533419
-0.5449847
-0.53657293
-0.5281083
-0.5195901
-0.5110199
-0.5023986
-0.49372706
-0.485007
-0.47623757
-0.46742055
-0.45855677
-0.44964796
-0.44069338
-0.43169472
-0.42265287
-0.41356963
-0.40444416
-0.39527828
-0.3860728
-0.37682965
-0.36754793
-0.35822946
-0.34887516
-0.33948687
-0.33006373
-0.32060757
-0.31111935
-0.30160093
-0.29205146
-0.28247276
-0.27286583
-0.2632316
-0.253572
-0.24388608
-0.23417579
-0.22444206
-0.21468684
-0.20490922
-0.19511111
-0.18529348
-0.17545825
-0.16560455
-0.15573429
-0.14584845
-0.13594897
-0.12603495
-0.11610833
-0.106170096
-0.0962222
-0.08626372
-0.07629663
-0.066321895
-0.056341488
-0.046354495
-0.036362864
-0.026367595
-0.016369693
-0.006371105
0.0036290726
0.013628887
0.023627339
0.033622477
0.043615203
0.053603567
0.06358657
0.073562264
0.08353156
0.09349249
0.103444085
0.11338437
0.123314284
0.13323185
0.1431361
0.15302509
0.16289973
0.17275807
0.18259914
0.192421
0.20222457
0.21200791
0.22177005
0.23150909
0.2412259
0.2509186
0.26058617
0.27022773
0.2798413
0.28942785
0.29898542
0.3085131
0.31800905
0.3274741
0.33690637
0.34630495
0.35566804
0.36499643
0.37428832
0.38354278
0.392758
0.40193486
0.4110715
0.42016703
0.4292197
0.43823028
0.44719705
0.45611912
0.4649947
0.47382465
0.4826072
0.49134147
0.50002664
0.508661
0.51724523
0.5257778
0.5342578
0.54268354
0.55105585
0.559373
0.5676343
0.57583797
0.58398485
0.5920734
0.60010266
0.60807115
0.6159796
0.6238265
0.631611
0.6393316
0.646989
0.65458167
0.6621089
0.6695692
0.67696327
0.68428963
0.6915476
0.6987363
0.70585454
0.71290284
0.7198799
0.72678494
0.73361665
0.74037564
0.7470606
0.7536708
0.7602051
0.76666397
0.77304614
0.77935106
0.78557736
0.79172575
0.797795
0.80378443
0.8096929
0.815521
0.82126755
0.82693195
0.8325131
0.83801156
0.8434262
0.84875655
0.854002
0.8591615
0.86423564
0.86922336
0.8741241
0.878937
0.88366246
0.8882995
0.8928478
0.8973063
0.9016756
0.90595466
0.91014314
0.9142402
0.91824627
0.92216045
0.9259824
0.92971146
0.9333479
0.93689096
0.9403404
0.9436954
0.9469564
0.9501227
0.95319396
0.9561699
0.95905
0.96183443
0.96452266
0.96711445
0.9696093
0.9720074
0.9743083
0.9765118
0.9786174
0.9806254
0.9825353
0.9843469
0.98606
0.9876746
0.98919046
0.9906074
0.99192506
0.99314374
0.9942631
0.995283
0.9962033
0.99702406
0.99774516
0.9983664
0.99888784
0.99930936
0.999631
0.99985266
0.9999743
0.999996
0.9999177
0.99973935
0.99946105
0.9990828
0.99860466
0.99802667
0.99734885
0.99657136
0.99569416
0.99471736
0.9936411
0.9924656
0.99119073
0.9898167
0.9883438
0.98677206
0.9851016
0.9833326
0.9814653
0.97949976
0.97743654
0.97527534
0.9730166
0.9706606
0.9682078
0.9656579
0.9630114
0.9602686
0.9574301
0.95449555
0.95146555
0.9483404
0.94512075
0.94180626
0.9383976
0.93489504
0.9312994
0.9276103
0.92382836
0.91995406
0.91598815
0.91193026
0.9077812
0.9035413
0.8992116
0.8947914
0.8902818
0.8856832
0.8809959
0.8762211
0.87135816
0.8664081
0.86137134
0.856249
0.85104054
0.84574693
0.84036875
0.8349071
0.8293614
0.8237328
0.8180218
0.8122295
0.8063555
0.8004008
0.7943661
0.78825253
0.78205955
0.77578837
0.76943964
0.76301455
0.7565125
0.74993485
0.7432822
0.7365552
0.7297552
0.7228816
0.7159357
0.7089182
0.7018305
0.6946719
0.68744385
0.68014705
0.67278296
0.66535085
0.65785223
0.65028787
0.6426591
0.6349654
0.62720823
0.6193883
0.6115072
0.60356414
0.5955608
0.5874979
0.57937694
0.57119733
0.5629606
0.55466753
0.54631907
0.5379167
0.5294598
0.5209499
0.51238793
0.50377554
0.49511194
0.48639885
0.4776371
0.46882844
0.45997205
0.45106965
0.44212216
0.4331313
0.4240963
0.41501886
0.4058999
0.39674127
0.38754207
0.37830412
0.36902833
0.35971653
0.35036787
0.34098417
0.33156636
0.32211542
0.31263316
0.30311874
0.29357398
0.2839999
0.2743983
0.26476836
0.25511193
0.24543
0.23572445
0.22599441
0.21624175
0.20646748
0.1966735
0.1868589
0.17702565
0.16717467
0.15730791
0.14742449
0.13752632
0.12761441
0.11769067
0.10775422
0.097807
0.08784999
0.0778842
0.067911565
0.057931196
0.047945034
0.037954073
0.027960273
0.017962722
0.007963374
-0.0020367687
-0.0120357545
-0.02203449
-0.032031022
-0.04202435
-0.052012525
-0.061996453
-0.07197418
-0.081944704
-0.09190609
-0.101859234
-0.11180219
-0.12173397
-0.13165262
-0.14155906
-0.15145135
-0.16132848
-0.17118949
-0.18103243
-0.1908582
-0.20066491
-0.21045153
-0.22021618
-0.22995974
-0.2396803
-0.2493769
-0.25904763
-0.2686934
-0.27831227
-0.2879033
-0.29746556
-0.30699807
-0.3164981
-0.32596827
-0.33540583
-0.34480983
-0.35417938
-0.3635135
-0.3728113
-0.38207176
-0.3912923
-0.40047544
-0.40961856
-0.4187207
-0.427781
-0.43679845
-0.44577226
-0.4547015
-0.46358526
-0.472421
-0.48121113
-0.4899532
-0.49864623
-0.5072894
-0.51588184
-0.5244227
-0.5329111
-0.54134464
-0.5497256
-0.55805165
-0.56632185
-0.5745354
-0.58269155
-0.5907894
-0.59882814
-0.6068055
-0.61472374
-0.62258047
-0.63037497
-0.6381064
-0.645774
-0.65337706
-0.6609148
-0.6683864
-0.6757897
-0.6831269
-0.69039583
-0.69759566
-0.70472574
-0.7117853
-0.7187738
-0.7256903
-0.732533
-0.7393037
-0.7460005
-0.7526227
-0.75916964
-0.7656406
-0.77203506
-0.7783523
-0.78459054
-0.79075146
-0.79683334
-0.8028355
-0.8087574
-0.81459844
-0.82035804
-0.82603556
-0.83163047
-0.83714116
-0.8425692
-0.84791297
-0.85317194
-0.8583456
-0.8634335
-0.86843497
-0.8733496
-0.878176
-0.8829155
-0.8875667
-0.8921291
-0.89660233
-0.9009859
-0.9052794
-0.9094823
-0.9135935
-0.9176141
-0.921543
-0.9253797
-0.9291239
-0.93277514
-0.9363331
-0.9397974
-0.9431678
-0.9464432
-0.9496246
-0.95271105
-0.9557022
-0.9585978
-0.96139747
-0.9641011
-0.96670824
-0.96921825
-0.9716318
-0.97394824
-0.97616726
-0.97828865
-0.9803122
-0.98223776
-0.98406506
-0.98579365
-0.98742396
-0.98895556
-0.9903882
-0.99172187
-0.99295634
-0.9940915
-0.99512726
-0.9960635
-0.99689996
-0.9976369
-0.9982741
-0.9988115
-0.9992489
-0.99958646
-0.99982405
-0.9999616
-0.9999992
-0.9999368
-0.99977446
-0.9995121
-0.99914974
-0.9986875
-0.9981254
-0.99746346
-0.9967019
-0.99584055
-0.99487966
-0.99381924
-0.99265945
-0.99140036
-0.99004215
-0.98858494
-0.98702884
-0.98537433
-0.98362106
-0.9817693
-0.9798195
-0.97777164
-0.975626
-0.97338283
-0.9710423
-0.9686051
-0.9660706
-0.9634395
-0.9607121
-0.95788854
-0.9549692
-0.95195436
-0.9488444
-0.9456401
-0.9423406
-0.93894696
-0.9354594
-0.9318782
-0.9282039
-0.92443675
-0.9205771
-0.91662544
-0.91258293
-0.90844834
-0.9042229
-0.89990705
-0.89550126
-0.8910058
-0.8864213
-0.8817482
-0.8769878
-0.8721388
-0.8672026
-0.86217964
-0.85707045
-0.85187554
-0.84659547
-0.84123075
-0.83578295
-0.8302505
-0.8246351
-0.8189371
-0.8131573
-0.8072962
-0.80135435
-0.7953323
-0.78923076
-0.7830515
-0.77679276
-0.7704563
-0.7640428
-0.7575529
-0.75098723
-0.7443465
-0.7376313
-0.7308436
-0.7239816
-0.71704715
-0.710041
-0.7029639
-0.6958164
-0.6885994
-0.6813135
-0.67396086
-0.66653943
-0.65905136
-0.6514974
-0.6438783
-0.63619477
-0.6284476
-0.6206376
-0.61276555
-0.6048337
-0.5968399
-0.5887864
-0.58067405
-0.5725036
-0.5642759
-0.55599177
-0.54765207
-0.53925914
-0.5308107
-0.52230924
-0.5137555
-0.5051504
-0.49649477
-0.4877895
-0.47903544
-0.47023517
-0.46138617
-0.45249107
-0.4435507
-0.43456596
-0.4255378
-0.41646704
-0.40735465
-0.39820153
-0.38901034
-0.3797785
-0.37050867
-0.3612018
-0.3518588
-0.34248063
-0.3330682
-0.32362244
-0.31414616
-0.30463663
-0.29509667
-0.28552717
-0.27592912
-0.2663035
-0.25665122
-0.24697329
-0.23727252
-0.22754616
-0.21779704
-0.20802616
-0.19823445
-0.18842293
-0.17859258
-0.16874436
-0.15887925
-0.14900015
-0.13910428
-0.12919448
-0.11927176
-0.10933712
-0.09939155
-0.08943603
-0.07947157
-0.069501065
-0.059521712
-0.049536403
-0.03954614
-0.029551923
-0.019554751
-0.009555624
0.0004444599
0.010442591
0.020441586
0.030438537
0.040432442
0.050422307
0.06040713
0.07038591
0.08035765
0.090319455
0.10027413
0.11021878
0.1201524
0.13007401
0.13998261
0.1498772
0.15975682
0.16962045
0.17946526
0.189294
0.19910379
0.20889369
0.21866268
0.22840981
0.2381341
0.24783458
0.25750843
0.26715836
0.2767816
0.28637716
0.29594406
0.30548137
0.31498814
0.3244634
0.33390442
0.34331384
0.35268897
0.36202878
0.3713324
0.3805989
0.38982734
0.39901677
0.40816632
0.4172733
0.4263403
0.43536466
0.4443455
0.45328188
0.46217296
0.4710178
0.47981554
0.48856363
0.49726453
0.5059157
0.5145163
0.52306545
0.53156227
0.5400059
0.5483956
0.55672884
0.565008
0.5732306
0.581396
0.58950317
0.5975514
0.60553986
0.6134678
0.6213344
0.62913734
0.63687885
0.6445567
0.65217006
0.6597182
0.66720045
0.6746159
0.6819639
0.6892423
0.6964532
0.70359445
0.71066535
0.71766514
0.72459316
0.73144877
0.7382312
0.74493855
0.75157267
0.7581316
0.76461476
0.7710215
0.777351
0.7836029
0.7897763
0.79587084
0.8018846
0.80781937
0.8136733
0.81944585
0.8251365
0.8307446
0.8362696
0.84171104
0.84706724
0.8523398
0.8575271
0.86262864
0.8676439
0.8725724
0.8774137
0.88216716
0.8868316
0.8914082
0.89589566
0.9002935
0.9046014
0.9088188
0.9129453
0.91698045
0.92092395
0.92477465
0.92853355
0.93219966
0.9357725
0.9392518
0.9426371
0.9459282
0.9491247
0.9522257
0.955232
0.9581429
0.9609579
0.96367675
0.9662993
0.9688252
0.9712542
0.9735857
0.97582024
0.97795725
0.9799964
0.9819376
0.9837805
0.98552513
0.9871711
0.98871845
0.9901666
0.99151605
0.9927663
0.9939173
0.9949689
0.995921
0.9967735
0.99752635
0.99817926
0.99873257
0.9991859
0.9995394
0.9997929
0.9999464
0.99999994
0.99995345
0.999807
0.9995606
0.9992142
0.99876785
0.99822164
0.9975756
0.9968298
0.9959843
0.9950392
0.99399483
0.99285084
0.9916076
0.9902652
0.9888237
0.98728335
0.9856443
0.9839066
0.9820709
0.9801367
0.9781045
0.9759744
0.9737467
0.97142166
0.9689995
0.9664804
0.96386516
0.96115303
0.9583448
0.9554407
0.9524411
0.94934624
0.94615644
0.942872
0.9394933
0.93602127
0.932455
0.9287955
0.9250431
0.92119825
0.9172612
0.91323245
0.9091124
0.9049022
0.90060073
0.8962092
0.89172804
0.8871577
0.8824987
0.87775135
0.8729163
0.86799484
0.8629857
0.8578902
0.85270894
0.8474424
0.84209114
0.8366556
0.83113647
0.8255342
0.81985044
0.81408364
0.8082354
0.8023064
0.79629713
0.7902082
0.7840403
0.77779394
0.771471
0.7650697
0.758592
0.75203836
0.7454095
0.7387061
0.7319289
0.7250784
0.7181568
0.71116203
0.70409614
0.69695985
0.68975383
0.6824789
0.6751357
0.6677249
0.6602474
0.6527053
0.6450965
0.63742316
0.6296861
0.6218861
0.61402386
0.60610026
0.598116
0.59007347
0.58197045
0.5738092
0.56559056
0.55731535
0.54898447
0.54059863
0.53215873
0.5236672
0.51512176
0.5065248
0.49787715
0.48917973
0.4804334
0.471639
0.46279743
0.4539096
0.4449781
0.43600038
0.42697904
0.41791502
0.4088092
0.39966252
0.39047584
0.38125014
0.37198806
0.36268705
0.35334975
0.3439771
0.33457005
0.32512957
0.31565654
0.306152
0.2966186
0.28705373
0.2774602
0.2678389
0.2581908
0.24851689
0.23881812
0.22909547
0.21934992
0.2095843
0.19979586
0.18998742
0.18016
0.17031455
0.16045208
0.15057357
0.14067999
0.13077423
0.120853506
0.1109207
0.100976795
0.0910228
0.081059694
0.071088485
0.06111017
0.051127646
0.04113811
0.031144453
0.021147685
0.011148802
0.0011488037
-0.008851309
-0.018850537
-0.02884788
-0.03884043
-0.048831005
-0.058816697
-0.06879651
-0.07876944
-0.088734485
-0.098690666
-0.108636975
-0.11857053
-0.12849411
-0.13840486
-0.14830175
-0.15818383
-0.16805007
-0.17789951
-0.18773116
-0.19754218
-0.20733531
-0.2171077
-0.22685838
-0.23658638
-0.24629071
-0.25597042
-0.26562452
-0.27525023
-0.28485024
-0.2944218
-0.30396387
-0.31347558
-0.32295594
-0.332404
-0.34181878
-0.35119942
-0.36054313
-0.3698526
-0.37912506
-0.3883596
-0.39755532
-0.40671128
-0.4158266
-0.4249003
-0.43392977
-0.44291762
-0.45186114
-0.4607595
-0.46961173
-0.47841704
-0.4871745
-0.49588326
-0.50454074
-0.51314944
-0.5217068
-0.53021204
-0.5386643
-0.5470626
-0.5554062
-0.56369424
-0.57192594
-0.5800989
-0.5882154
-0.5962731
-0.6042712
-0.6122088
-0.6200852
-0.6278996
-0.6356512
-0.6433377
-0.65096146
-0.65852004
-0.6660128
-0.67343897
-0.68079776
-0.6880885
-0.69531035
-0.70246136
-0.7095435
-0.7165547
-0.72349423
-0.7303614
-0.73715556
-0.7438759
-0.75052196
-0.75709295
-0.76358694
-0.7700059
-0.77634776
-0.782612
-0.78879803
-0.7949052
-0.8009328
-0.80688035
-0.81274605
-0.81853163
-0.8242354
-0.82985663
-0.835395
-0.84084976
-0.84622043
-0.8515065
-0.8567064
-0.8618216
-0.8668507
-0.87179303
-0.8766482
-0.8814157
-0.8860951
-0.89068586
-0.89518756
-0.8995989
-0.90392107
-0.9081529
-0.9122939
-0.9163437
-0.9203018
-0.92416793
-0.92794156
-0.9316218
-0.9352095
-0.9387037
-0.94210404
-0.9454102
-0.94862175
-0.9517385
-0.95476
-0.9576855
-0.9605158
-0.96325004
-0.96588796
-0.96842927
-0.9708738
-0.9732211
-0.9754712
-0.9776237
-0.9796781
-0.98163486
-0.9834935
-0.98525375
-0.98691547
-0.98847854
-0.9899427
-0.9913079
-0.99257374
-0.99374056
-0.994808
-0.995776
-0.9966444
-0.99741304
-0.99808204
-0.9986512
-0.99912035
-0.9994898
-0.9997592
-0.99992865
-0.9999981
-0.9999676
-0.99983704
-0.9996065
-0.999276
-0.99884564
-0.99831533
-0.9976852
-0.9969553
-0.9961257
-0.99519646
-0.99416775
-0.99303955
-0.99181235
-0.99048567
-0.98906
-0.98753536
-0.985912
-0.98419005
-0.98236966
-0.98045105
-0.9784348
-0.9763203
-0.97410816
-0.9717986
-0.9693919
-0.96688825
-0.9642879
-0.96159106
-0.9587981
-0.95590985
-0.9529254
-0.9498457
-0.946671
-0.94340163
-0.9400379
-0.9365802
-0.93302876
-0.92938477
-0.9256472
-0.921817
-0.9178946
-0.91388047
-0.9097749
-0.9055784
-0.90129125
-0.8969149
-0.89244795
-0.8878918
-0.88324684
-0.8785136
-0.87369245
-0.86878395
-0.86378855
-0.85870683
-0.8535402
-0.84828717
-0.8429494
-0.8375273
-0.8320214
-0.8264323
-0.8207606
-0.8150068
-0.80917263
-0.8032564
-0.79725987
-0.7911836
-0.7850282
-0.77879435
-0.7724826
-0.76609355
-0.75962913
-0.7530875
-0.74647063
-0.7397791
-0.7330136
-0.7261747
-0.71926326
-0.7122799
-0.7052253
-0.6981015
-0.6909066
-0.68364257
-0.6763101
-0.6689101
-0.6614432
-0.6539101
-0.64631164
-0.63865
-0.63092303
-0.623133
-0.6152806
-0.60736674
-0.5993921
-0.5913575
-0.5832638
-0.57511336
-0.56690377
-0.55863756
-0.55031544
-0.5419383
-0.533507
-0.52502227
-0.5164851
-0.50789624
-0.49925828
-0.49056873
-0.48183012
-0.47304332
-0.46420923
-0.4553287
-0.44640264
-0.43743196
-0.42841923
-0.41936195
-0.41026273
-0.40112248
-0.39194214
-0.3827226
-0.37346476
-0.36416957
-0.35483977
-0.3454727
-0.33607107
-0.32663584
-0.31716797
-0.30766833
-0.29813796
-0.28857777
-0.27898872
-0.2693736
-0.2597297
-0.25005984
-0.24036498
-0.23064607
-0.22090411
-0.21114005
-0.20135488
-0.19155143
-0.18172696
-0.17188433
-0.1620245
-0.15214847
-0.14225723
-0.13235176
-0.122433044
-0.11250398
-0.10256179
-0.09260933
-0.082647614
-0.07267763
-0.062700376
-0.05271686
-0.042728063
-0.032734998
-0.022740565
-0.012741952
-0.0027420644
0.007258097
0.017257534
0.027255243
0.03725023
0.047241487
0.057226118
0.067206934
0.07718103
0.0871474
0.097105056
0.107053004
0.116990246
0.12691578
0.13682675
0.14672592
0.15661041
0.16647924
0.17633145
0.18616599
0.19598192
0.20577827
0.21555403
0.22530636
0.23503804
0.24474621
0.2544299
0.26408815
0.27372
0.28332445
0.2929006
0.30244562
0.31196222
0.32144764
0.33090088
0.34032106
0.3497072
0.35905835
0.3683736
0.37765026
0.38689092
0.3960929
0.40525523
0.41437706
0.42345747
0.4324955
0.4414903
0.45043924
0.45934483
0.4682045
0.47701734
0.48578247
0.49449906
0.50316614
0.51178294
0.52034855
0.5288605
0.5373212
0.54572815
0.55408055
0.5623775
0.5706183
0.57880193
0.5869278
0.5949933
0.60300094
0.6109482
0.61883444
0.62665874
0.6344204
0.64211863
0.6497526
0.6573202
0.6648235
0.6722603
0.67962986
0.6869315
0.6941644
0.7013279
0.70842123
0.7154438
0.72239345
0.7292722
0.73607796
0.7428102
0.7494681
0.75605106
0.76255846
0.76898956
0.7753425
0.78161925
0.7878178
0.7939375
0.79997784
0.8059381
0.8118179
0.8176164
0.82333213
0.8289666
0.8345182
0.83998626
0.8453704
0.85067
0.85588443
0.86101335
0.86605614
0.87101144
0.87588054
0.880662
0.8853555
0.8899604
0.8944763
0.8989028
0.9032393
0.90748477
0.9116402
0.9157046
0.9196773
0.9235581
0.9273466
0.93104225
0.9346448
0.93815327
0.9415686
0.9448898
0.9481164
0.9512483
0.95428497
0.9572263
0.9600718
0.96282136
0.9654741
0.96803087
0.9704908
0.97285366
0.97511923
0.9772873
0.97935766
0.98133004
0.98320395
0.9849799
0.9866573
0.9882361
0.9897161
0.99109703
0.99237895
0.99356157
0.99464464
0.9956284
0.99651265
0.9972973
0.99798214
0.99856716
0.9990524
0.9994377
0.999723
0.9999083
0.99999374
0.99997914
0.9998645
0.9996499
0.99933535
0.9989208
0.9984064
0.9977923
0.99707824
0.9962645
0.9953512
0.9943383
0.99322593
0.9920143
0.9907034
0.98929375
0.9877849
0.98617727
0.984471
0.9826663
0.9807633
0.97876227
0.97666335
0.97446674
0.9721731
0.9697818
0.9672936
0.9647086
0.9620272
0.9592495
0.95637596
0.9534067
0.9503427
0.94718313
0.94392884
0.9405801
0.93713737
0.93360084
0.929971
0.92624813
0.9224334
0.9185257
0.9145261
0.9104351
0.90625304
0.90198034
0.89761746
0.89316475
0.8886228
0.88399285
0.8792736
0.8744664
0.8695718
0.8645902
0.8595222
0.8543682
0.8491288
0.84380543
0.8383967
0.83290416
0.8273283
0.82166976
0.815929
0.81010664
0.8042033
0.79822063
0.792157
0.7860142
0.7797928
0.77349335
0.7671166
0.76066315
0.7541336
0.7475286
0.7408502
0.7340964
0.7272692
0.7203693
0.7133973
0.70635396
0.69924
0.6920562
0.68480444
0.6774829
0.6700936
0.6626373
0.6551147
0.6475266
0.63987374
0.6321569
0.6243783
0.61653584
0.6086317
0.6006667
0.5926416
0.58455724
0.57641447
0.568214
0.5599567
0.55164504
0.5432766
0.5348539
0.5263776
0.51784873
0.5092681
0.50063646
0.49195483
0.48322564
0.47444645
0.46561983
0.45674664
0.4478278
0.43886414
0.4298566
0.42080608
0.4117152
0.40258145
0.39340743
0.38419405
0.37494227
0.36565298
0.35632712
0.34696564
0.33756945
0.3281413
0.31867856
0.30918393
0.2996584
0.29010287
0.28051835
0.2709058
0.2612661
0.25160217
0.24191123
0.2321961
0.22245774
0.21269712
0.20291525
0.19311307
0.1832916
0.17345366
0.16359651
0.15372299
0.1438341
0.13393083
0.12401416
0.1140851
0.10414462
0.09419373
0.08423532
0.07426659
0.06429043
0.054307837
0.04431982
0.034327365
0.02433148
0.014333162
0.004335318
-0.005664867
-0.015664484
-0.025662538
-0.035658024
-0.045649942
-0.055637296
-0.06561909
-0.07559241
-0.08556008
-0.0955192
-0.10546876
-0.11540777
-0.12533525
-0.13525018
-0.1451516
-0.1550385
-0.164908
-0.17476292
-0.18460034
-0.19441931
-0.20421883
-0.21399795
-0.22375564
-0.23349096
-0.24320109
-0.25288874
-0.26255113
-0.27218723
-0.28179613
-0.29137683
-0.3009284
-0.3104499
-0.3199385
-0.32939696
-0.33882245
-0.3482141
-0.3575709
-0.36689192
-0.37617627
-0.385423
-0.39463118
-0.40379816
-0.4129265
-0.42201355
-0.4310584
-0.44006014
-0.44901788
-0.4579307
-0.46679777
-0.47561643
-0.48438925
-0.4931136
-0.5017886
-0.5104135
-0.51898736
-0.5275093
-0.53597844
-0.5443924
-0.5527535
-0.5610594
-0.5693091
-0.57750195
-0.58563703
-0.5937135
-0.60173064
-0.6096876
-0.6175821
-0.62541634
-0.633188
-0.6408964
-0.6485407
-0.65612006
-0.6636339
-0.6710813
-0.67846024
-0.6857727
-0.69301665
-0.70019126
-0.70729584
-0.7143297
-0.72129214
-0.72818244
-0.7349986
-0.74174255
-0.7484124
-0.7550073
-0.76152676
-0.7679701
-0.7743366
-0.78062564
-0.78683543
-0.7929678
-0.79902077
-0.8049939
-0.8108865
-0.8166981
-0.8224279
-0.8280755
-0.8336403
-0.8391207
-0.84451824
-0.8498313
-0.8550594
-0.86020195
-0.8652585
-0.8702285
-0.8751115
-0.8799061
-0.88461363
-0.8892327
-0.89376277
-0.89820355
-0.90255445
-0.9068151
-0.91098505
-0.91506314
-0.9190505
-0.92294604
-0.92674917
-0.9304597
-0.9340771
-0.93760115
-0.9410314
-0.9443676
-0.94760865
-0.95075566
-0.95380753
-0.95676404
-0.9596249
-0.96238977
-0.9650584
-0.9676305
-0.97010535
-0.9724837
-0.9747648
-0.97694844
-0.97903436
-0.98102236
-0.98291224
-0.9847039
-0.9863967
-0.9879912
-0.98948693
-0.99088365
-0.99218136
-0.9933798
-0.9944789
-0.9954785
-0.99637866
-0.997179
-0.9978797
-0.9984807
-0.9989818
-0.999383
-0.9996843
-0.99988556
-0.9999868
-0.99998814
-0.9998895
-0.9996908
-0.99939215
-0.9989936
-0.99849504
-0.99789673
-0.9971986
-0.99640083
-0.99550337
-0.9945063
-0.9934098
-0.99221396
-0.99091893
-0.9895247
-0.9880316
-0.9864397
-0.98474944
-0.9829604
-0.9810731
-0.97908765
-0.9770043
-0.97482324
-0.97254467
-0.9701689
-0.9676965
-0.96512693
-0.9624608
-0.9596985
-0.95684016
-0.95388615
-0.9508368
-0.9476923
-0.94445366
-0.94111997
-0.93769217
-0.93417054
-0.9305556
-0.9268475
-0.92304677
-0.9191537
-0.9151687
-0.911093
-0.90692544
-0.9026671
-0.8983186
-0.8938802
-0.8893524
-0.8847357
-0.8800305
-0.8752382
-0.8703575
-0.8653897
-0.8603354
-0.8551951
-0.84996927
-0.8446584
-0.8392631
-0.8337849
-0.8282222
-0.8225768
-0.8168491
-0.8110397
-0.8051492
-0.7991782
-0.79312724
-0.78699696
-0.7807892
-0.7745022
-0.7681377
-0.7616964
-0.7551789
-0.74858594
-0.7419181
-0.7351761
-0.7283618
-0.7214734
-0.7145129
-0.7074809
-0.7003781
-0.69320536
-0.6859633
-0.6786525
-0.6712754
-0.6638297
-0.65631765
-0.64873993
-0.6410973
-0.6333906
-0.6256206
-0.61778796
-0.60989356
-0.60193974
-0.59392416
-0.5858492
-0.5777157
-0.56952435
-0.5612761
-0.55297166
-0.544612
-0.5361994
-0.52773166
-0.5192111
-0.5106386
-0.50201505
-0.49334133
-0.48461825
-0.4758467
-0.46702924
-0.45816344
-0.4492518
-0.44029522
-0.43129462
-0.4222509
-0.4131649
-0.40403765
-0.39486995
-0.38566455
-0.37641883
-0.36713544
-0.35781536
-0.34845948
-0.33906877
-0.32964414
-0.32018653
-0.31069875
-0.30117807
-0.29162726
-0.2820473
-0.27243912
-0.2628037
-0.25314203
-0.24345501
-0.23374552
-0.22401078
-0.21425366
-0.2044751
-0.1946761
-0.18485764
-0.17502068
-0.16516621
-0.15529524
-0.14541061
-0.13550957
-0.12559497
-0.11566781
-0.10572909
-0.09577979
-0.08582091
-0.07585345
-0.06588031
-0.05589868
-0.04591146
-0.035919648
-0.025924241
-0.015926244
-0.0059266537
0.004073529
0.0140713975
0.024069766
0.034065727
0.044058282
0.05404643
0.06402917
0.074005514
0.08397446
0.093935
0.10388425
0.11382501
0.12375439
0.13367139
0.14357503
0.1534643
0.16333823
0.17319582
0.18303423
0.19285621
0.20265889
0.21244131
0.2222025
0.23194145
0.24165721
0.2513488
0.26101342
0.27065378
0.28026706
0.28985235
0.2994086
0.30893496
0.3184304
0.327894
0.3373248
0.3467201
0.3560825
0.3654093
0.37469956
0.38395235
0.39316672
0.4023418
0.41147664
0.4205686
0.42962024
0.43862888
0.4475937
0.45651373
0.46538815
0.47421598
0.4829964
0.49172688
0.50040984
0.50904274
0.5176248
0.52615505
0.5346327
0.54305685
0.5514267
0.5597398
0.56800014
0.5762005
0.58434635
0.5924307
0.6004558
0.60842395
0.6163282
0.6241738
0.631954
0.639674
0.64732707
0.6549183
0.6624412
0.66989785
0.6772903
0.6846123
0.69186854
0.6990529
0.70617
0.7132138
0.72018635
0.72708946
0.7339173
0.7406743
0.7473547
0.7539629
0.76049316
0.76694983
0.7733274
0.7796277
0.7858523
0.79199606
0.7980629
0.80404764
0.8099542
0.8157776
0.8215216
0.8271812
0.83275825
0.83825403
0.84366393
0.8489915
0.85423213
0.85938936
0.8644587
0.86944157
0.8743394
0.87914795
0.8838704
0.8885027
0.89304787
0.897502
0.9018681
0.90614235
0.910326
0.9144202
0.9184214
0.9223323
0.9261494
0.92987543
0.933507
0.93704665
0.9404912
0.94384176
0.94709915
0.95026064
0.95332825
0.9562994
0.95917606
0.96195567
0.9646391
0.96722716
0.96971744
0.97211176
0.9744079
0.9766075
0.97870857
0.98071253
0.98261774
0.9844247
0.9861339
0.9877438
0.98925555
0.99066776
0.99198145
0.9931955
0.9943106
0.9953259
0.99624175
0.9970582
0.9977747
0.9983917
0.99890864
0.9993258
0.99964297
0.9998601
0.9999774
0.99999464
0.99991184
0.99972916
0.99944633
0.99906373
0.99858105
0.9979987
0.9973166
0.99653447
0.99565303
0.99467164
0.9935912
0.9924109
0.9911319
0.98975325
0.9882761
0.98670024
0.98502505
0.98325205
0.98138
0.9794105
0.97734237
0.9751772
0.97291464
0.9705539
0.968097
0.9655423
0.96289206
0.9601445
0.957302
0.95436263
0.951329
0.9482002
0.94497544
0.94165736
0.93824387
0.9347379
0.9311371
0.9274445
0.9236578
0.91978014
0.9158105
0.9117478
0.9075955
0.90335083
0.89901745
0.89459246
0.89007974
0.8854781
0.88078606
0.87600774
0.87114
0.86618704
0.8611455
0.8560198
0.85080653
0.8455102
0.8401293
0.8346624
0.8291141
0.82348067
0.81776714
0.8119696
0.8060931
0.8001337
0.79409665
0.78798014
0.7817825
0.77550906
0.7691557
0.7627278
0.7562212
0.7496414
0.74298674
0.73625517
0.7294526
0.7225744
0.71562666
0.70860463
0.7015145
0.69435143
0.6871217
0.6798233
0.67245406
0.6650204
0.65751743
0.6499516
0.64231783
0.63462275
0.6268613
0.6190401
0.61115694
0.60320973
0.59520525
0.5871381
0.57901543
0.57083166
0.562594
0.55430007
0.54594755
0.5375436
0.52908266
0.5205721
0.5120062
0.5033924
0.49472493
0.4860113
0.4772491
0.46843582
0.45957905
0.45067295
0.44172516
0.4327298
0.4236946
0.41461357
0.40549457
0.396335
0.38713232
0.37789443
0.3686152
0.35930267
0.34995064
0.3405672
0.33114973
0.3216955
0.31221277
0.30269516
0.2931509
0.2835737
0.27397177
0.2643388
0.25468308
0.24500188
0.2352925
0.22556327
0.2158078
0.20603445
0.19623676
0.1864232
0.17658724
0.16673738
0.15687086
0.14698488
0.13708797
0.12717357
0.117250234
0.10731139
0.0973656
0.08741009
0.07744203
0.06747003
0.057487477
0.047502983
0.03750993
0.027516937
0.017517379
0.0075198817
-0.0024783665
-0.012480182
-0.022476934
-0.03247525
-0.04246651
-0.052457333
-0.0624391
-0.07241843
-0.08238671
-0.09234676
-0.102301374
-0.11224196
-0.12217511
-0.13209225
-0.14199997
-0.15188973
-0.16176428
-0.17162642
-0.18146765
-0.19129448
-0.20109843
-0.21088602
-0.22064878
-0.23039319
-0.24011086
-0.24980453
-0.2594769
-0.26911965
-0.27873915
-0.2883271
-0.2978899
-0.30741924
-0.31692147
-0.32638842
-0.3358227
-0.345227
-0.35459322
-0.36392754
-0.3732219
-0.38248247
-0.39170128
-0.40088093
-0.410024
-0.41912255
-0.42818266
-0.43719652
-0.4461701
-0.45509562
-0.46397904
-0.47281265
-0.48159903
-0.4903406
-0.4990298
-0.50767237
-0.5162609
-0.5248011
-0.53328556
-0.54171985
-0.55009687
-0.5584188
-0.5666881
-0.5748976
-0.5830527
-0.5911464
-0.59918404
-0.6071587
-0.6150727
-0.6229282
-0.63071847
-0.63844854
-0.64611185
-0.65371346
-0.66124684
-0.6687169
-0.6761173
-0.68345004
-0.6907173
-0.6979127
-0.705041
-0.7120961
-0.7190827
-0.7259947
-0.7328368
-0.7396029
-0.74629515
-0.75291526
-0.7594576
-0.7659265
-0.7723163
-0.77863127
-0.78486603
-0.7910223
-0.7971018
-0.80309933
-0.8090188
-0.8148551
-0.8206121
-0.8262849
-0.8318772
-0.83738416
-0.8428075
-0.8481485
-0.85340273
-0.8585736
-0.86365664
-0.86865526
-0.8735651
-0.8783894
-0.88312405
-0.8877705
-0.8923298
-0.89679825
-0.90117866
-0.9054673
-0.909667
-0.91377413
-0.91778994
-0.9217155
-0.92554736
-0.92928815
-0.9329346
-0.93648905
-0.93994856
-0.9433154
-0.9465866
-0.9497632
-0.952846
-0.95583236
-0.95872426
-0.9615192
-0.964219
-0.9668214
-0.96932805
-0.97173685
-0.9740485
-0.97626364
-0.9783803
-0.9803999
-0.9823207
-0.98414403
-0.9858682
-0.9874938
-0.98902136
-0.99044937
-0.99177885
-0.9930087
-0.9941397
-0.9951708
-0.9961028
-0.99693483
-0.99766725
-0.99830014
-0.99883294
-0.999266
-0.9995991
-0.9998323
-0.9999654
-0.99999857
-0.99993175
-0.999765
-0.99949807
-0.9991314
-0.9986646
-0.9980982
-0.9974317
-0.9966658
-0.99580014
-0.99483466
-0.99377
-0.99260557
-0.99134237
-0.98997945
-0.9885181
-0.9869574
-0.9852985
-0.9835412
-0.98168474
-0.9797309
-0.97767836
-0.9755288
-0.97328085
-0.9709364
-0.96849406
-0.96595573
-0.96332085
-0.9605886
-0.95776135
-0.95483726
-0.95181876
-0.94870394
-0.9454954
-0.94219244
-0.93879396
-0.93530285
-0.93171686
-0.92803913
-0.9242672
-0.9204042
-0.9164477
-0.9124011
-0.90826327
-0.904033
-0.899714
-0.8953033
-0.8908048
-0.8862155
-0.88153934
-0.87677324
-0.87192124
-0.8669821
-0.8619544
-0.85684234
-0.85164267
-0.84635985
-0.84099036
-0.8355388
-0.83000374
-0.82438356
-0.8186831
-0.8128986
-0.80703497
-0.8010884
-0.795064
-0.7889578
-0.782775
-0.77651393
-0.7701729
-0.7637572
-0.7572627
-0.75069493
-0.7440496
-0.7373324
-0.7305389
-0.72367495
-0.71673864
-0.709728
-0.70264906
-0.69549716
-0.6882784
-0.6809881
-0.67363244
-0.66620946
-0.65871704
-0.6511616
-0.6435381
-0.63585323
-0.6281018
-0.6202905
-0.61241424
-0.60447973
-0.5964848
-0.5884271
-0.5803137
-0.57213914
-0.5639105
-0.5556223
-0.5472817
-0.5388832
-0.530434
-0.5219318
-0.51337415
-0.50476843
-0.49610892
-0.48740312
-0.47864524
-0.46984285
-0.4609935
-0.45209467
-0.443154
-0.43416563
-0.42513725
-0.41606292
-0.40695044
-0.39779377
-0.38860086
-0.37936905
-0.37009582
-0.3607891
-0.35144272
-0.3420648
-0.33264908
-0.32320368
-0.31372234
-0.3042133
-0.2946738
-0.28510118
-0.27550372
-0.26587507
-0.25622347
-0.24654257
-0.23684072
-0.2271152
-0.21736324
-0.20759326
-0.1977988
-0.1879883
-0.17815524
-0.16830814
-0.15844043
-0.14856064
-0.138666
-0.12875374
-0.11883236
-0.10889532
-0.098951176
-0.08899334
-0.07903041
-0.06905958
-0.059078034
-0.04909439
-0.039102025
-0.029109562
-0.019110374
-0.00911309
0.00088891975
0.010887026
0.020884044
0.030882789
0.04087463
0.050866198
0.060848866
0.07082926
0.08079876
0.090763986
0.10071634
0.11065862
0.12059363
0.13051279
0.14042267
0.15031475
0.16019556
0.17005658
0.17990062
0.18973039
0.19953746
0.20932831
0.2190945
0.2288425
0.2385639
0.24826515
0.25793788
0.2675848
0.27720866
0.28680113
0.29636857
0.30590275
0.31540993
0.32488197
0.33432513
0.34373125
0.35310304
0.36244306
0.3717433
0.38100988
0.39023483
0.39942428
0.4085703
0.41767544
0.42674232
0.43576303
0.44474363
0.4536763
0.46256706
0.47140813
0.48020545
0.48895139
0.49764845
0.5062991
0.51489574
0.5234442
0.53193706
0.54037994
0.5487656
0.5570996
0.5653747
0.5735932
0.58175755
0.58986056
0.5979077
0.605892
0.6138187
0.62168103
0.62948126
0.63722146
0.64489496
0.65250695
0.66005075
0.66753143
0.6749425
0.6822889
0.6895643
0.6967707
0.70391023
0.7109766
0.7179746
0.7248981
0.7317518
0.7385297
0.7452363
0.75186574
0.7584201
0.76490116
0.7713032
0.77763057
0.78387773
0.7900489
0.7961387
0.80214894
0.80808127
0.81393045
0.81970054
0.8253864
0.8309919
0.8365122
0.84195095
0.8473034
0.8525712
0.85775566
0.8628524
0.8678648
0.8727885
0.8776268
0.8823755
0.88703775
0.89160955
0.8960922
0.9004869
0.9047899
0.9090041
0.91312575
0.91715765
0.9210963
0.9249429
0.9286985
0.9323597
0.9359291
0.9394036
0.9427854
0.9460716
0.9492645
0.9523613
0.95536286
0.95827
0.9610802
0.96379536
0.96641314
0.96893525
0.9713595
0.9736875
0.97591734
0.9780495
0.9800848
0.9820212
0.98386014
0.98560005
0.987242
0.9887846
0.9902284
0.9915737
0.99281937
0.99396616
0.9950131
0.995961
0.99680895
0.99755746
0.99820596
0.99875474
0.99920374
0.9995527
0.9998018
0.9999509
1
0.9999491
0.9997981
0.9995473
0.9991965
0.9987457
0.9981952
0.9975446
0.99679446
0.99594444
0.9949951
0.9939463
0.99279773
0.99155027
0.9902032
0.9887576
0.9872126
0.9855695
0.9838271
0.98198706
0.98004884
0.97801185
0.9758779
0.97364545
0.9713165
0.9688896
0.9663667
0.96374613
0.96103024
0.95821834
0.95530945
0.95230615
0.9492065
0.9460131
0.9427238
0.9393416
0.93586546
0.93229437
0.9286314
0.9248742
0.92102593
0.9170841
0.913052
0.90892714
0.9047129
0.90040827
0.89601195
0.89152765
0.8869525
0.8822904
0.8775383
0.8727003
0.8677731
0.862761
0.85766274
0.85247666
0.84720737
0.84185135
0.83641315
0.8308892
0.82528436
0.819597
0.8138254
0.80797476
0.802041
0.7960293
0.78993577
0.7837655
0.7775145
0.77118814
0.7647847
0.75830233
0.7517466
0.74511313
0.7384078
0.731626
0.7247736
0.7178461
0.71084946
0.70378184
0.696641
0.68943334
0.68215394
0.6748091
0.667394
0.659915
0.65237
0.64475685
0.63708216
0.62934077
0.6215395
0.61367303
0.6057482
0.5977598
0.5897146
0.5816105
0.57344514
0.56522554
0.5569463
0.5486145
0.5402247
0.531784
0.52328694
0.51474077
0.50614315
0.49749166
0.4887937
0.48004353
0.47124872
0.46240342
0.45351523
0.44458172
0.43560034
0.42657882
0.4175112
0.4084053
0.39925507
0.39006838
0.3808392
0.37157547
0.3622746
0.3529339
0.3435615
0.33415118
0.32471102
0.31523478
0.30573064
0.2961923
0.28662798
0.277035
0.26741064
0.25776324
0.24808635
0.23838836
0.22866282
0.21891813
0.20915155
0.19936034
0.18955292
0.1797228
0.16987845
0.16001336
0.15013604
0.14023992
0.13033357
0.12041418
0.11047897
0.100536495
0.09058017
0.08061859
0.070645146
0.06066844
0.05068186
0.04069402
0.030702112
0.020703323
0.010706276
0.000704344
-0.009293844
-0.019294916
-0.029290246
-0.039282646
-0.049274933
-0.05925848
-0.06923991
-0.0792106
-0.089177184
-0.09913105
-0.109078795
